DoubleStatistics(max=0.07626636862462632, min=0.0, avg=0.02610756858230963, q1=0.015481997454074525, q2=0.03235696698169388, median=0.023354319784584243, standardDeviation=0.015318160782226878)
DoubleStatistics(max=0.071707932690519, min=0.0, avg=0.024548094035566508, q1=0.014201515778430762, q2=0.03609672391045926, median=0.02139604356108671, standardDeviation=0.014734800769465034)
