"generation"	"timeTotal"	"timeOfIteration"	"fitnessCallCountSoFar"	"fitnessCallCountOfIteration"	"idOfBest"	"costOfBest"	"idOfSecond"	"costOfSecond"	"idOfThird"	"costOfThird"	"idOfWorst"	"costOfWorst"	"idOfMedian"	"costOfMedian"	"diversity"	"geneBalance"	"spentTimeOfMutation"	"spentBudgetOfMutation"	"improvementCountPerRunOfMutation"	"improvementCountPerBudgetOfMutation"	"spentTimeOfMutationOnBest"	"spentBudgetOfMutationOnBest"	"improvementCountPerRunOfMutationOnBest"	"improvementCountPerBudgetOfMutationOnBest"	"spentTimeOfGeneTransfer"	"spentBudgetOfGeneTransfer"	"improvementCountPerRunOfGeneTransfer"	"improvementCountPerBudgetOfGeneTransfer"	"spentTimeOfBoost"	"spentBudgetOfBoost"	"improvementCountPerRunOfBoost"	"improvementCountPerBudgetOfBoost"	"spentTimeOfBoostOnBest"	"spentBudgetOfBoostOnBest"	"improvementCountPerRunOfBoostOnBest"	"improvementCountPerBudgetOfBoostOnBest"	
2	3608	3608	12000	12000	7800	6329765.8769999975	3413	6337335.907000001	2083	6337842.599999997	6435	7181275.316	6224	6656643.933999995	1.7976931348623157E308	0.0	0s	0	0s	0.0	0s	0	0s	0.0	0s	0	0s	0.0	0s	0	0s	0.0	0s	0	0s	0.0	
3	6991	3382	16002	4002	7800	6329717.624999997	7496	6331583.654999997	5290	6336825.625000003	7058	7171965.636999998	397	6604297.505999997	1.7976931348623157E308	0.0	0s	0	0s	0.0	0s	0	0s	0.0	0s	0	0s	0.0	5.221600ms	2	5.221600ms	3.811515381313413E-6	5.221600ms	2	5.221600ms	3.811515381313413E-6	
4	10349	3358	20002	4000	916	6326685.574999997	7800	6329717.624999997	7496	6331583.654999997	404	7055024.202000009	614	6562274.0	1.7976931348623157E308	0.0	0s	0	0s	0.0	0s	0	0s	0.0	0s	0	0s	0.0	0s	0	0s	0.0	0s	0	0s	0.0	
5	13696	3346	24002	4000	6309	6320023.183999997	916	6326685.574999997	5139	6329141.411000001	3528	7054607.959999986	5186	6527254.250000001	1.7976931348623157E308	0.0	0s	0	0s	0.0	0s	0	0s	0.0	0s	0	0s	0.0	0s	0	0s	0.0	0s	0	0s	0.0	
6	17368	3671	28002	4000	7752	6313409.754999999	1068	6317401.759999997	6309	6320023.183999997	4915	7035618.5440000035	5549	6495763.335000005	1.7976931348623157E308	0.0	0s	0	0s	0.0	0s	0	0s	0.0	0s	0	0s	0.0	0s	0	0s	0.0	0s	0	0s	0.0	
7	21028	3660	32004	4002	7752	6313361.502999999	1068	6317401.759999997	4907	6319246.671000004	5015	7042562.771000003	73	6465854.987000004	1.7976931348623157E308	0.0	0s	0	0s	0.0	0s	0	0s	0.0	0s	0	0s	0.0	3.740100ms	2	3.740100ms	3.821389856883961E-6	3.740100ms	2	3.740100ms	3.821389856883961E-6	
8	24565	3536	36004	4000	5187	6312137.621999998	7752	6313361.502999999	7476	6313598.581999997	5927	7035618.5440000035	6343	6438138.5910000065	1.7976931348623157E308	0.0	0s	0	0s	0.0	0s	0	0s	0.0	0s	0	0s	0.0	0s	0	0s	0.0	0s	0	0s	0.0	
9	28651	4085	40004	4000	218	6307746.801999997	5187	6312137.621999998	7752	6313361.502999999	6660	7035618.5440000035	1173	6414559.22	1.7976931348623157E308	0.0	0s	0	0s	0.0	0s	0	0s	0.0	0s	0	0s	0.0	0s	0	0s	0.0	0s	0	0s	0.0	
10	32192	3541	44005	4001	218	6303980.131999997	1513	6309931.408999998	5187	6312137.621999998	7560	7023594.284000003	1708	6385592.401000004	1.7976931348623157E308	0.0	0s	0	0s	0.0	0s	0	0s	0.0	0s	0	0s	0.0	3.133600ms	1	3.133600ms	5.971498410185516E-4	3.133600ms	1	3.133600ms	5.971498410185516E-4	
11	35935	3742	48008	4003	218	6297408.958999999	1639	6303990.244000001	7828	6304101.419999997	1744	7035618.5440000035	1252	6359330.617000002	1.7976931348623157E308	0.0	0s	0	0s	0.0	0s	0	0s	0.0	0s	0	0s	0.0	5.392100ms	3	5.392100ms	3.474615963462065E-4	5.392100ms	3	5.392100ms	3.474615963462065E-4	
12	39311	3375	52012	4004	218	6294551.755999998	4821	6298157.189999998	1639	6303990.244000001	2724	7021539.476000001	2150	6348092.501000004	1.7976931348623157E308	0.0	0s	0	0s	0.0	0s	0	0s	0.0	0s	0	0s	0.0	4.915200ms	4	4.915200ms	1.1342772156783254E-4	4.915200ms	4	4.915200ms	1.1342772156783254E-4	
13	42890	3578	56012	4000	2742	6290436.494999998	218	6294551.755999998	4821	6298157.189999998	6133	6940184.366999994	3866	6341293.082	1.7976931348623157E308	0.0	0s	0	0s	0.0	0s	0	0s	0.0	0s	0	0s	0.0	0s	0	0s	0.0	0s	0	0s	0.0	
14	46389	3499	60012	4000	1621	6282485.047999999	2742	6290436.494999998	218	6294551.755999998	6248	6931447.399999994	2233	6335579.026999997	1.7976931348623157E308	0.0	0s	0	0s	0.0	0s	0	0s	0.0	0s	0	0s	0.0	0s	0	0s	0.0	0s	0	0s	0.0	
15	49900	3510	64012	4000	5566	6281251.0079999985	1621	6282485.047999999	6450	6287437.960999998	7552	6936916.173999993	4412	6330282.044999997	1.7976931348623157E308	0.0	0s	0	0s	0.0	0s	0	0s	0.0	0s	0	0s	0.0	0s	0	0s	0.0	0s	0	0s	0.0	
16	53285	3385	68012	4000	3811	6272568.420999997	5566	6281251.0079999985	1621	6282485.047999999	3397	6927984.694999994	6986	6325265.473000002	1.7976931348623157E308	0.0	0s	0	0s	0.0	0s	0	0s	0.0	0s	0	0s	0.0	0s	0	0s	0.0	0s	0	0s	0.0	
17	56863	3577	72012	4000	2450	6262364.348000002	3040	6268252.014999999	6559	6270923.198999998	4017	6937731.044999993	1008	6320251.372999996	1.7976931348623157E308	0.0	0s	0	0s	0.0	0s	0	0s	0.0	0s	0	0s	0.0	0s	0	0s	0.0	0s	0	0s	0.0	
18	60004	3141	76014	4002	2450	6261648.855000001	3040	6268252.014999999	6452	6270320.890999997	3113	6737108.859000013	5967	6315489.127999998	1.7976931348623157E308	0.0	0s	0	0s	0.0	0s	0	0s	0.0	0s	0	0s	0.0	3.779800ms	2	3.779800ms	5.712642703625814E-5	3.779800ms	2	3.779800ms	5.712642703625814E-5	
19	62607	2603	80016	4002	2450	6259583.473000002	4883	6266862.435	4002	6266982.686999998	6957	6739801.334000013	6337	6311118.865999997	1.7976931348623157E308	0.0	0s	0	0s	0.0	0s	0	0s	0.0	0s	0	0s	0.0	3.913400ms	2	3.913400ms	1.649231734185963E-4	3.913400ms	2	3.913400ms	1.649231734185963E-4	
20	65234	2626	84016	4000	5114	6255965.461000002	6221	6258256.075999998	2450	6259583.473000002	5395	6607275.730999989	1282	6306534.313000004	1.7976931348623157E308	0.0	0s	0	0s	0.0	0s	0	0s	0.0	0s	0	0s	0.0	0s	0	0s	0.0	0s	0	0s	0.0	
