"generation"	"timeTotal"	"timeOfIteration"	"fitnessCallCountSoFar"	"fitnessCallCountOfIteration"	"idOfBest"	"costOfBest"	"idOfSecond"	"costOfSecond"	"idOfThird"	"costOfThird"	"idOfWorst"	"costOfWorst"	"idOfMedian"	"costOfMedian"	"diversity"	"geneBalance"	"spentTimeOfMutation"	"spentBudgetOfMutation"	"improvementCountPerRunOfMutation"	"improvementCountPerBudgetOfMutation"	"spentTimeOfMutationOnBest"	"spentBudgetOfMutationOnBest"	"improvementCountPerRunOfMutationOnBest"	"improvementCountPerBudgetOfMutationOnBest"	"spentTimeOfGeneTransfer"	"spentBudgetOfGeneTransfer"	"improvementCountPerRunOfGeneTransfer"	"improvementCountPerBudgetOfGeneTransfer"	"spentTimeOfBoost"	"spentBudgetOfBoost"	"improvementCountPerRunOfBoost"	"improvementCountPerBudgetOfBoost"	"spentTimeOfBoostOnBest"	"spentBudgetOfBoostOnBest"	"improvementCountPerRunOfBoostOnBest"	"improvementCountPerBudgetOfBoostOnBest"	
2	771	771	11016	11016	1	42681.0	9	47268.0	2	51459.0	3	70293.0	5	54911.0	1.7976931348623157E308	0.0	7.302718698s	11000	7.302718698s	5.059974386033822E-4	714.509ms	1100	714.509ms	4.912928140019773E-4	69.130698ms	20	69.130698ms	0.0	0s	0	0s	0.0	0s	0	0s	0.0	
3	1291	519	22026	11010	1	16448.0	2	23989.0	3	26622.0	8	42519.0	7	34432.0	1.7976931348623157E308	0.0	4.992266398s	11000	4.992266398s	3.818703689125475E-4	495.652100ms	1100	495.652100ms	5.587540549233105E-4	13.759801ms	20	13.759801ms	0.0	0s	0	0s	0.0	0s	0	0s	0.0	
4	1836	545	33037	11011	1	13177.0	3	15040.0	9	16058.0	4	37684.0	2	21126.0	1.7976931348623157E308	0.0	5.325252298s	11000	5.325252298s	3.043279793652094E-4	536.329199ms	1100	536.329199ms	1.8079014856738594E-4	8.572496ms	20	8.572496ms	0.0	0s	0	0s	0.0	0s	0	0s	0.0	
5	2360	524	44047	11010	2	8082.0	8	12336.0	9	12388.0	4	37684.0	1	13177.0	1.7976931348623157E308	0.0	5.140179704s	11000	5.140179704s	2.193169656949131E-4	503.832800ms	1100	503.832800ms	0.0	10.414001ms	20	10.414001ms	0.0	0s	0	0s	0.0	0s	0	0s	0.0	
6	2894	533	55061	11014	2	8069.0	9	9033.0	0	9087.0	4	37684.0	1	13177.0	1.7976931348623157E308	0.0	5.190358503s	11000	5.190358503s	8.602662256602497E-5	519.242300ms	1100	519.242300ms	1.4622843130638533E-6	3.862298ms	20	3.862298ms	0.0	0s	0	0s	0.0	0s	0	0s	0.0	
7	3443	549	66073	11012	8	7481.0	2	8069.0	9	8209.0	4	37684.0	1	13177.0	1.7976931348623157E308	0.0	5.266371498s	11000	5.266371498s	2.959179245076707E-5	527.891200ms	1100	527.891200ms	0.0	1.493902ms	20	1.493902ms	0.0	0s	0	0s	0.0	0s	0	0s	0.0	
8	3977	533	77079	11006	8	7481.0	9	7762.0	2	8069.0	4	37684.0	1	13177.0	1.7976931348623157E308	0.0	5.127651805s	11000	5.127651805s	4.950220932679213E-6	519.071499ms	1100	519.071499ms	0.0	1.668103ms	20	1.668103ms	0.0	0s	0	0s	0.0	0s	0	0s	0.0	
9	4535	558	88496	11417	8	7366.0	9	7762.0	2	8069.0	4	37684.0	1	13177.0	1.7976931348623157E308	0.0	5.175437097s	11000	5.175437097s	3.4425947328300195E-7	517.57ms	1100	517.57ms	3.4425947328300197E-6	1.395699ms	20	1.395699ms	0.0	4.089700ms	401	4.089700ms	2.900115037896499E-5	4.089700ms	401	4.089700ms	2.900115037896499E-5	
10	5052	516	99503	11007	8	7366.0	9	7762.0	2	8069.0	4	37684.0	1	13177.0	1.7976931348623157E308	0.0	5.035057196s	11000	5.035057196s	0.0	503.139899ms	1100	503.139899ms	0.0	1.734298ms	20	1.734298ms	0.0	0s	0	0s	0.0	0s	0	0s	0.0	
11	5573	520	110585	11082	8	6767.0	9	7762.0	2	8069.0	4	37684.0	1	13177.0	1.7976931348623157E308	0.0	5.050658397s	11000	5.050658397s	0.0	506.624599ms	1100	506.624599ms	0.0	2.011402ms	20	2.011402ms	0.0	2.352201ms	69	2.352201ms	0.001178544585974729	2.352201ms	69	2.352201ms	0.001178544585974729	
12	6097	524	122284	11699	8	6424.0	9	7762.0	2	8069.0	4	37684.0	1	13177.0	1.7976931348623157E308	0.0	5.056416400s	11000	5.056416400s	0.0	494.174300ms	1100	494.174300ms	0.0	1.435796ms	20	1.435796ms	0.0	4.310200ms	685	4.310200ms	7.399585148622712E-5	4.310200ms	685	4.310200ms	7.399585148622712E-5	
13	6622	525	133309	11025	8	6407.0	9	7762.0	2	8069.0	4	37684.0	1	13177.0	1.7976931348623157E308	0.0	5.027359499s	11000	5.027359499s	0.0	505.776900ms	1100	505.776900ms	0.0	1.763100ms	20	1.763100ms	0.0	3.811700ms	13	3.811700ms	2.0356355972793984E-4	3.811700ms	13	3.811700ms	2.0356355972793984E-4	
14	7139	516	144342	11033	8	6406.0	9	7762.0	2	8069.0	4	37684.0	1	13177.0	1.7976931348623157E308	0.0	5.015115899s	11000	5.015115899s	0.0	513.055601ms	1100	513.055601ms	0.0	2.421899ms	20	2.421899ms	0.0	2.124800ms	24	2.124800ms	6.503303678268013E-6	2.124800ms	24	2.124800ms	6.503303678268013E-6	
15	7658	518	155368	11026	8	6003.0	9	7762.0	2	8069.0	4	37684.0	1	13177.0	1.7976931348623157E308	0.0	5.016791501s	11000	5.016791501s	0.0	506.518801ms	1100	506.518801ms	0.0	1.515596ms	20	1.515596ms	0.0	2.152399ms	15	2.152399ms	0.004193984805911126	2.152399ms	15	2.152399ms	0.004193984805911126	
16	8173	515	166386	11018	8	5199.0	9	7762.0	2	8069.0	4	37684.0	1	13177.0	1.7976931348623157E308	0.0	5.040089198s	11000	5.040089198s	0.0	503.839600ms	1100	503.839600ms	0.0	2.709099ms	20	2.709099ms	0.0	2.126800ms	3	2.126800ms	0.04464434449441945	2.126800ms	3	2.126800ms	0.04464434449441945	
17	8689	516	177444	11058	8	5193.0	9	7762.0	2	8069.0	4	37684.0	1	13177.0	1.7976931348623157E308	0.0	5.040788398s	11000	5.040788398s	0.0	504.025299ms	1100	504.025299ms	0.0	1.757306ms	20	1.757306ms	0.0	2.439100ms	46	2.439100ms	2.5088436739506076E-5	2.439100ms	46	2.439100ms	2.5088436739506076E-5	
18	9211	522	188516	11072	8	4502.0	9	7762.0	2	8069.0	4	37684.0	1	13177.0	1.7976931348623157E308	0.0	5.078844499s	11000	5.078844499s	0.0	517.672900ms	1100	517.672900ms	0.0	2.491799ms	20	2.491799ms	0.0	2.492300ms	58	2.492300ms	0.0022942024077504865	2.492300ms	58	2.492300ms	0.0022942024077504865	
19	9729	517	199544	11028	8	4168.0	9	7762.0	2	8069.0	4	37684.0	1	13177.0	1.7976931348623157E308	0.0	5.039585303s	11000	5.039585303s	1.958778592726438E-7	509.200100ms	1100	509.200100ms	1.958778592726438E-6	2.424500ms	20	2.424500ms	0.0	2.370600ms	18	2.370600ms	0.0040105632064761365	2.370600ms	18	2.370600ms	0.0040105632064761365	
20	10249	520	210553	11009	8	4168.0	9	7762.0	2	8069.0	4	37684.0	1	13177.0	1.7976931348623157E308	0.0	5.115178102s	11000	5.115178102s	0.0	514.974099ms	1100	514.974099ms	0.0	2.287603ms	20	2.287603ms	0.0	0s	0	0s	0.0	0s	0	0s	0.0	
21	10770	520	221580	11027	8	4104.0	9	7762.0	2	8069.0	4	37684.0	1	13177.0	1.7976931348623157E308	0.0	5.091369898s	11000	5.091369898s	0.0	515.127299ms	1100	515.127299ms	0.0	2.314897ms	20	2.314897ms	0.0	2.441301ms	18	2.441301ms	8.530603540200459E-4	2.441301ms	18	2.441301ms	8.530603540200459E-4	
22	11293	523	233981	12401	8	4069.0	9	7762.0	2	8069.0	4	37684.0	1	13177.0	1.7976931348623157E308	0.0	5.065704901s	11000	5.065704901s	0.0	508.409100ms	1100	508.409100ms	0.0	2.086099ms	20	2.086099ms	0.0	7.564500ms	1388	7.564500ms	6.1442832184528065E-6	7.564500ms	1388	7.564500ms	6.1442832184528065E-6	
23	11817	523	245792	11811	8	4069.0	9	7762.0	2	8069.0	4	37684.0	1	13177.0	1.7976931348623157E308	0.0	5.064575200s	11000	5.064575200s	0.0	506.847300ms	1100	506.847300ms	0.0	2.532798ms	20	2.532798ms	0.0	5.145099ms	802	5.145099ms	0.0	5.145099ms	802	5.145099ms	0.0	
24	12346	528	258809	13017	8	4069.0	9	7762.0	2	8069.0	4	37684.0	1	13177.0	1.7976931348623157E308	0.0	5.035319200s	11000	5.035319200s	0.0	485.965400ms	1100	485.965400ms	0.0	3.254105ms	20	3.254105ms	0.0	9.304300ms	2001	9.304300ms	0.0	9.304300ms	2001	9.304300ms	0.0	
25	12868	521	271348	12539	8	4069.0	9	7762.0	2	8069.0	4	37684.0	1	13177.0	1.7976931348623157E308	0.0	5.035258601s	11000	5.035258601s	0.0	497.658600ms	1100	497.658600ms	0.0	5.231500ms	20	5.231500ms	0.0	7.856999ms	1527	7.856999ms	0.0	7.856999ms	1527	7.856999ms	0.0	
26	13396	528	284357	13009	8	4069.0	9	7762.0	2	8069.0	4	37684.0	1	13177.0	1.7976931348623157E308	0.0	5.070786202s	11000	5.070786202s	0.0	492.342600ms	1100	492.342600ms	0.0	1.949702ms	20	1.949702ms	0.0	9.275ms	2001	9.275ms	0.0	9.275ms	2001	9.275ms	0.0	
27	13921	525	296896	12539	8	4069.0	9	7762.0	2	8069.0	4	37684.0	1	13177.0	1.7976931348623157E308	0.0	5.100729099s	11000	5.100729099s	0.0	513.429ms	1100	513.429ms	0.0	2.713206ms	20	2.713206ms	0.0	7.708900ms	1527	7.708900ms	0.0	7.708900ms	1527	7.708900ms	0.0	
28	14449	528	309903	13007	8	4069.0	9	7762.0	2	8069.0	4	37684.0	1	13177.0	1.7976931348623157E308	0.0	5.049516999s	11000	5.049516999s	0.0	504.831ms	1100	504.831ms	0.0	3.841599ms	20	3.841599ms	0.0	9.157700ms	2001	9.157700ms	0.0	9.157700ms	2001	9.157700ms	0.0	
29	14974	524	322438	12535	8	4069.0	9	7762.0	2	8069.0	4	37684.0	1	13177.0	1.7976931348623157E308	0.0	5.064996299s	11000	5.064996299s	0.0	508.244900ms	1100	508.244900ms	0.0	1.652700ms	20	1.652700ms	0.0	7.762899ms	1527	7.762899ms	0.0	7.762899ms	1527	7.762899ms	0.0	
30	15502	528	335440	13002	8	4069.0	9	7762.0	2	8069.0	4	37684.0	1	13177.0	1.7976931348623157E308	0.0	5.064181097s	11000	5.064181097s	0.0	504.634299ms	1100	504.634299ms	0.0	1.841398ms	20	1.841398ms	0.0	9.809100ms	2001	9.809100ms	0.0	9.809100ms	2001	9.809100ms	0.0	
31	16026	523	347974	12534	8	4069.0	9	7762.0	2	8069.0	4	37684.0	1	13177.0	1.7976931348623157E308	0.0	5.072921098s	11000	5.072921098s	0.0	507.034800ms	1100	507.034800ms	0.0	1.169199ms	20	1.169199ms	0.0	7.792599ms	1527	7.792599ms	0.0	7.792599ms	1527	7.792599ms	0.0	
32	16562	536	360983	13009	8	4069.0	9	7762.0	2	8069.0	4	37684.0	1	13177.0	1.7976931348623157E308	0.0	5.206490199s	11000	5.206490199s	0.0	518.726900ms	1100	518.726900ms	0.0	1.456805ms	20	1.456805ms	0.0	9.758200ms	2001	9.758200ms	0.0	9.758200ms	2001	9.758200ms	0.0	
33	17089	526	373522	12539	8	4069.0	9	7762.0	2	8069.0	4	37684.0	1	13177.0	1.7976931348623157E308	0.0	5.091894900s	11000	5.091894900s	0.0	504.013800ms	1100	504.013800ms	0.0	1.752096ms	20	1.752096ms	0.0	8.420400ms	1527	8.420400ms	0.0	8.420400ms	1527	8.420400ms	0.0	
34	17634	544	386539	13017	8	4069.0	9	7762.0	2	8069.0	4	37684.0	1	13177.0	1.7976931348623157E308	0.0	5.269424199s	11000	5.269424199s	0.0	533.555199ms	1100	533.555199ms	0.0	1.337704ms	20	1.337704ms	0.0	10.399800ms	2001	10.399800ms	0.0	10.399800ms	2001	10.399800ms	0.0	
35	18161	527	399078	12539	8	4069.0	9	7762.0	2	8069.0	4	37684.0	1	13177.0	1.7976931348623157E308	0.0	5.107132702s	11000	5.107132702s	0.0	516.214ms	1100	516.214ms	0.0	1.788906ms	20	1.788906ms	0.0	9.084900ms	1527	9.084900ms	0.0	9.084900ms	1527	9.084900ms	0.0	
36	18687	526	412089	13011	8	4069.0	9	7762.0	2	8069.0	4	37684.0	1	13177.0	1.7976931348623157E308	0.0	5.084163899s	11000	5.084163899s	0.0	512.433901ms	1100	512.433901ms	0.0	1.209600ms	20	1.209600ms	0.0	11.832900ms	2001	11.832900ms	0.0	11.832900ms	2001	11.832900ms	0.0	
