"generation"	"timeTotal"	"timeOfIteration"	"fitnessCallCountSoFar"	"fitnessCallCountOfIteration"	"idOfBest"	"costOfBest"	"idOfSecond"	"costOfSecond"	"idOfThird"	"costOfThird"	"idOfWorst"	"costOfWorst"	"idOfMedian"	"costOfMedian"	"diversity"	"geneBalance"	"spentTimeOfMutation"	"spentBudgetOfMutation"	"improvementCountPerRunOfMutation"	"improvementCountPerBudgetOfMutation"	"spentTimeOfMutationOnBest"	"spentBudgetOfMutationOnBest"	"improvementCountPerRunOfMutationOnBest"	"improvementCountPerBudgetOfMutationOnBest"	"spentTimeOfGeneTransfer"	"spentBudgetOfGeneTransfer"	"improvementCountPerRunOfGeneTransfer"	"improvementCountPerBudgetOfGeneTransfer"	"spentTimeOfBoost"	"spentBudgetOfBoost"	"improvementCountPerRunOfBoost"	"improvementCountPerBudgetOfBoost"	"spentTimeOfBoostOnBest"	"spentBudgetOfBoostOnBest"	"improvementCountPerRunOfBoostOnBest"	"improvementCountPerBudgetOfBoostOnBest"	
2	82	82	1051	1051	0	2385860.0	null	null	null	null	0	2385860.0	0	2385860.0	1.7976931348623157E308	0.0	66.382200ms	1050	66.382200ms	4.662876281307222E-4	66.382200ms	1050	66.382200ms	4.662876281307222E-4	0s	0	0s	0.0	0s	0	0s	0.0	0s	0	0s	0.0	
3	132	49	2101	1050	0	2209597.0	null	null	null	null	0	2209597.0	0	2209597.0	1.7976931348623157E308	0.0	48.871400ms	1050	48.871400ms	7.036017361015472E-5	48.871400ms	1050	48.871400ms	7.036017361015472E-5	0s	0	0s	0.0	0s	0	0s	0.0	0s	0	0s	0.0	
4	156	24	3151	1050	0	2137438.0	null	null	null	null	0	2137438.0	0	2137438.0	1.7976931348623157E308	0.0	23.705900ms	1050	23.705900ms	3.110198698806032E-5	23.705900ms	1050	23.705900ms	3.110198698806032E-5	0s	0	0s	0.0	0s	0	0s	0.0	0s	0	0s	0.0	
5	185	29	4201	1050	0	2089688.0	null	null	null	null	0	2089688.0	0	2089688.0	1.7976931348623157E308	0.0	28.190200ms	1050	28.190200ms	2.1276027878324643E-5	28.190200ms	1050	28.190200ms	2.1276027878324643E-5	0s	0	0s	0.0	0s	0	0s	0.0	0s	0	0s	0.0	
6	211	25	5251	1050	0	2003094.0	null	null	null	null	0	2003094.0	0	2003094.0	1.7976931348623157E308	0.0	24.497200ms	1050	24.497200ms	3.946544947881037E-5	24.497200ms	1050	24.497200ms	3.946544947881037E-5	0s	0	0s	0.0	0s	0	0s	0.0	0s	0	0s	0.0	
7	230	19	6301	1050	0	1900376.0	null	null	null	null	0	1900376.0	0	1900376.0	1.7976931348623157E308	0.0	18.455ms	1050	18.455ms	4.883778128568439E-5	18.455ms	1050	18.455ms	4.883778128568439E-5	0s	0	0s	0.0	0s	0	0s	0.0	0s	0	0s	0.0	
8	243	12	7351	1050	0	1889665.0	null	null	null	null	0	1889665.0	0	1889665.0	1.7976931348623157E308	0.0	11.847500ms	1050	11.847500ms	5.367860034515493E-6	11.847500ms	1050	11.847500ms	5.367860034515493E-6	0s	0	0s	0.0	0s	0	0s	0.0	0s	0	0s	0.0	
9	256	12	8401	1050	0	1881324.0	null	null	null	null	0	1881324.0	0	1881324.0	1.7976931348623157E308	0.0	12.130200ms	1050	12.130200ms	4.203818943468573E-6	12.130200ms	1050	12.130200ms	4.203818943468573E-6	0s	0	0s	0.0	0s	0	0s	0.0	0s	0	0s	0.0	
10	267	10	9451	1050	0	1822249.0	null	null	null	null	0	1822249.0	0	1822249.0	1.7976931348623157E308	0.0	9.855200ms	1050	9.855200ms	2.9905483989947924E-5	9.855200ms	1050	9.855200ms	2.9905483989947924E-5	0s	0	0s	0.0	0s	0	0s	0.0	0s	0	0s	0.0	
11	279	12	10501	1050	0	1808500.0	null	null	null	null	0	1808500.0	0	1808500.0	1.7976931348623157E308	0.0	11.822100ms	1050	11.822100ms	7.18578290578605E-6	11.822100ms	1050	11.822100ms	7.18578290578605E-6	0s	0	0s	0.0	0s	0	0s	0.0	0s	0	0s	0.0	
12	292	12	11551	1050	0	1798436.0	null	null	null	null	0	1798436.0	0	1798436.0	1.7976931348623157E308	0.0	10.509500ms	1050	10.509500ms	5.299840699343036E-6	10.509500ms	1050	10.509500ms	5.299840699343036E-6	0s	0	0s	0.0	0s	0	0s	0.0	0s	0	0s	0.0	
13	303	11	12601	1050	0	1779538.0	null	null	null	null	0	1779538.0	0	1779538.0	1.7976931348623157E308	0.0	10.870900ms	1050	10.870900ms	1.0007637323816498E-5	10.870900ms	1050	10.870900ms	1.0007637323816498E-5	0s	0	0s	0.0	0s	0	0s	0.0	0s	0	0s	0.0	
14	319	15	13651	1050	0	1762479.0	null	null	null	null	0	1762479.0	0	1762479.0	1.7976931348623157E308	0.0	14.955900ms	1050	14.955900ms	9.12971044544522E-6	14.955900ms	1050	14.955900ms	9.12971044544522E-6	0s	0	0s	0.0	0s	0	0s	0.0	0s	0	0s	0.0	
15	330	10	14701	1050	0	1762479.0	null	null	null	null	0	1762479.0	0	1762479.0	1.7976931348623157E308	0.0	9.936800ms	1050	9.936800ms	0.0	9.936800ms	1050	9.936800ms	0.0	0s	0	0s	0.0	0s	0	0s	0.0	0s	0	0s	0.0	
16	344	14	15990	1289	0	1753519.0	null	null	null	null	0	1753519.0	0	1753519.0	1.7976931348623157E308	0.0	11.207400ms	1050	11.207400ms	4.357024267581719E-6	11.207400ms	1050	11.207400ms	4.357024267581719E-6	0s	0	0s	0.0	1.348700ms	239	1.348700ms	2.138961358964977E-6	1.348700ms	239	1.348700ms	2.138961358964977E-6	
17	356	11	17040	1050	0	1753519.0	null	null	null	null	0	1753519.0	0	1753519.0	1.7976931348623157E308	0.0	10.966ms	1050	10.966ms	0.0	10.966ms	1050	10.966ms	0.0	0s	0	0s	0.0	0s	0	0s	0.0	0s	0	0s	0.0	
18	368	11	18091	1051	0	1752158.0	null	null	null	null	0	1752158.0	0	1752158.0	1.7976931348623157E308	0.0	10.828600ms	1050	10.828600ms	0.0	10.828600ms	1050	10.828600ms	0.0	0s	0	0s	0.0	27.2us	1	27.2us	7.761535518007179E-4	27.2us	1	27.2us	7.761535518007179E-4	
19	380	12	19164	1073	0	1750285.0	null	null	null	null	0	1750285.0	0	1750285.0	1.7976931348623157E308	0.0	11.477700ms	1050	11.477700ms	0.0	11.477700ms	1050	11.477700ms	0.0	0s	0	0s	0.0	100.4us	23	100.4us	4.647684889644167E-5	100.4us	23	100.4us	4.647684889644167E-5	
20	395	15	20257	1093	0	1746490.0	null	null	null	null	0	1746490.0	0	1746490.0	1.7976931348623157E308	0.0	14.196400ms	1050	14.196400ms	2.5132222887057155E-7	14.196400ms	1050	14.196400ms	2.5132222887057155E-7	0s	0	0s	0.0	172.8us	43	172.8us	4.429843352421599E-5	172.8us	43	172.8us	4.429843352421599E-5	
21	406	11	21307	1050	0	1746490.0	null	null	null	null	0	1746490.0	0	1746490.0	1.7976931348623157E308	0.0	10.250200ms	1050	10.250200ms	0.0	10.250200ms	1050	10.250200ms	0.0	0s	0	0s	0.0	0s	0	0s	0.0	0s	0	0s	0.0	
22	418	11	22369	1062	0	1743767.0	null	null	null	null	0	1743767.0	0	1743767.0	1.7976931348623157E308	0.0	10.848900ms	1050	10.848900ms	0.0	10.848900ms	1050	10.848900ms	0.0	0s	0	0s	0.0	55.7us	12	55.7us	1.2992726363543947E-4	55.7us	12	55.7us	1.2992726363543947E-4	
23	430	11	23423	1054	0	1727911.0	null	null	null	null	0	1727911.0	0	1727911.0	1.7976931348623157E308	0.0	10.700800ms	1050	10.700800ms	0.0	10.700800ms	1050	10.700800ms	0.0	0s	0	0s	0.0	33.5us	4	33.5us	0.0022732394866974703	33.5us	4	33.5us	0.0022732394866974703	
24	442	12	24497	1074	0	1704054.0	null	null	null	null	0	1704054.0	0	1704054.0	1.7976931348623157E308	0.0	11.230200ms	1050	11.230200ms	0.0	11.230200ms	1050	11.230200ms	0.0	0s	0	0s	0.0	93.9us	24	93.9us	5.752852239881932E-4	93.9us	24	93.9us	5.752852239881932E-4	
25	454	11	25552	1055	0	1702774.0	null	null	null	null	0	1702774.0	0	1702774.0	1.7976931348623157E308	0.0	10.763900ms	1050	10.763900ms	0.0	10.763900ms	1050	10.763900ms	0.0	0s	0	0s	0.0	36.4us	5	36.4us	1.502299809747809E-4	36.4us	5	36.4us	1.502299809747809E-4	
26	466	12	26688	1136	0	1666253.0	null	null	null	null	0	1666253.0	0	1666253.0	1.7976931348623157E308	0.0	11.125500ms	1050	11.125500ms	5.821648779213349E-6	11.125500ms	1050	11.125500ms	5.821648779213349E-6	0s	0	0s	0.0	293.1us	86	293.1us	1.794131223521146E-4	293.1us	86	293.1us	1.794131223521146E-4	
27	481	14	27738	1050	0	1666253.0	null	null	null	null	0	1666253.0	0	1666253.0	1.7976931348623157E308	0.0	13.976900ms	1050	13.976900ms	0.0	13.976900ms	1050	13.976900ms	0.0	0s	0	0s	0.0	0s	0	0s	0.0	0s	0	0s	0.0	
28	493	11	29018	1280	0	1663684.0	null	null	null	null	0	1663684.0	0	1663684.0	1.7976931348623157E308	0.0	10.183800ms	1050	10.183800ms	0.0	10.183800ms	1050	10.183800ms	0.0	0s	0	0s	0.0	789.2us	230	789.2us	6.703402915038222E-6	789.2us	230	789.2us	6.703402915038222E-6	
29	505	12	30084	1066	0	1650153.0	null	null	null	null	0	1650153.0	0	1650153.0	1.7976931348623157E308	0.0	11.151200ms	1050	11.151200ms	0.0	11.151200ms	1050	11.151200ms	0.0	0s	0	0s	0.0	76us	16	76us	5.083221933973037E-4	76us	16	76us	5.083221933973037E-4	
30	516	10	31261	1177	0	1644050.0	null	null	null	null	0	1644050.0	0	1644050.0	1.7976931348623157E308	0.0	9.669500ms	1050	9.669500ms	0.0	9.669500ms	1050	9.669500ms	0.0	0s	0	0s	0.0	424.1us	127	424.1us	2.9121613638394097E-5	424.1us	127	424.1us	2.9121613638394097E-5	
31	527	11	32363	1102	0	1629661.0	null	null	null	null	0	1629661.0	0	1629661.0	1.7976931348623157E308	0.0	10.478700ms	1050	10.478700ms	1.2781278963056163E-6	10.478700ms	1050	10.478700ms	1.2781278963056163E-6	0s	0	0s	0.0	188.7us	52	188.7us	1.426940505739818E-4	188.7us	52	188.7us	1.426940505739818E-4	
32	539	11	33413	1050	0	1629661.0	null	null	null	null	0	1629661.0	0	1629661.0	1.7976931348623157E308	0.0	10.672500ms	1050	10.672500ms	0.0	10.672500ms	1050	10.672500ms	0.0	0s	0	0s	0.0	0s	0	0s	0.0	0s	0	0s	0.0	
33	551	11	34558	1145	0	1625841.0	null	null	null	null	0	1625841.0	0	1625841.0	1.7976931348623157E308	0.0	10.595ms	1050	10.595ms	0.0	10.595ms	1050	10.595ms	0.0	0s	0	0s	0.0	330.6us	95	330.6us	2.467416617062635E-5	330.6us	95	330.6us	2.467416617062635E-5	
34	565	14	35684	1126	0	1622708.0	null	null	null	null	0	1622708.0	0	1622708.0	1.7976931348623157E308	0.0	13.494100ms	1050	13.494100ms	0.0	13.494100ms	1050	13.494100ms	0.0	0s	0	0s	0.0	270.9us	76	270.9us	2.535529871034477E-5	270.9us	76	270.9us	2.535529871034477E-5	
35	576	11	36770	1086	0	1616504.0	null	null	null	null	0	1616504.0	0	1616504.0	1.7976931348623157E308	0.0	10.176200ms	1050	10.176200ms	0.0	10.176200ms	1050	10.176200ms	0.0	0s	0	0s	0.0	135.1us	36	135.1us	1.0620107458232509E-4	135.1us	36	135.1us	1.0620107458232509E-4	
36	587	11	37889	1119	0	1611299.0	null	null	null	null	0	1611299.0	0	1611299.0	1.7976931348623157E308	0.0	9.967700ms	1050	9.967700ms	0.0	9.967700ms	1050	9.967700ms	0.0	0s	0	0s	0.0	284.1us	69	284.1us	4.666538567717506E-5	284.1us	69	284.1us	4.666538567717506E-5	
37	602	14	39373	1484	0	1609813.0	null	null	null	null	0	1609813.0	0	1609813.0	1.7976931348623157E308	0.0	12.419400ms	1050	12.419400ms	0.0	12.419400ms	1050	12.419400ms	0.0	0s	0	0s	0.0	1.396500ms	434	1.396500ms	2.1249706811961176E-6	1.396500ms	434	1.396500ms	2.1249706811961176E-6	
38	613	11	40443	1070	0	1601468.0	null	null	null	null	0	1601468.0	0	1601468.0	1.7976931348623157E308	0.0	9.770300ms	1050	9.770300ms	0.0	9.770300ms	1050	9.770300ms	0.0	0s	0	0s	0.0	159.1us	20	159.1us	2.591915955455715E-4	159.1us	20	159.1us	2.591915955455715E-4	
39	626	12	41601	1158	0	1588627.0	null	null	null	null	0	1588627.0	0	1588627.0	1.7976931348623157E308	0.0	11.757ms	1050	11.757ms	0.0	11.757ms	1050	11.757ms	0.0	0s	0	0s	0.0	370.5us	108	370.5us	7.42432244341745E-5	370.5us	108	370.5us	7.42432244341745E-5	
40	640	14	42690	1089	0	1583153.0	null	null	null	null	0	1583153.0	0	1583153.0	1.7976931348623157E308	0.0	13.224400ms	1050	13.224400ms	0.0	13.224400ms	1050	13.224400ms	0.0	0s	0	0s	0.0	152.3us	39	152.3us	8.83523787263945E-5	152.3us	39	152.3us	8.83523787263945E-5	
41	651	10	43747	1057	0	1568017.0	null	null	null	null	0	1568017.0	0	1568017.0	1.7976931348623157E308	0.0	9.989100ms	1050	9.989100ms	7.378532646526569E-6	9.989100ms	1050	9.989100ms	7.378532646526569E-6	0s	0	0s	0.0	47.3us	7	47.3us	2.61052288872727E-4	47.3us	7	47.3us	2.61052288872727E-4	
42	663	11	44797	1050	0	1568017.0	null	null	null	null	0	1568017.0	0	1568017.0	1.7976931348623157E308	0.0	10.840400ms	1050	10.840400ms	0.0	10.840400ms	1050	10.840400ms	0.0	0s	0	0s	0.0	0s	0	0s	0.0	0s	0	0s	0.0	
43	676	12	46281	1484	0	1563339.0	null	null	null	null	0	1563339.0	0	1563339.0	1.7976931348623157E308	0.0	10.600100ms	1050	10.600100ms	0.0	10.600100ms	1050	10.600100ms	0.0	0s	0	0s	0.0	1.415300ms	434	1.415300ms	6.874161340928104E-6	1.415300ms	434	1.415300ms	6.874161340928104E-6	
44	688	12	47556	1275	0	1560549.0	null	null	null	null	0	1560549.0	0	1560549.0	1.7976931348623157E308	0.0	10.698900ms	1050	10.698900ms	0.0	10.698900ms	1050	10.698900ms	0.0	0s	0	0s	0.0	885.3us	225	885.3us	7.931740972367449E-6	885.3us	225	885.3us	7.931740972367449E-6	
45	700	11	48680	1124	0	1559892.0	null	null	null	null	0	1559892.0	0	1559892.0	1.7976931348623157E308	0.0	10.745800ms	1050	10.745800ms	0.0	10.745800ms	1050	10.745800ms	0.0	0s	0	0s	0.0	265.5us	74	265.5us	5.689266007269678E-6	265.5us	74	265.5us	5.689266007269678E-6	
46	711	11	49838	1158	0	1557083.0	null	null	null	null	0	1557083.0	0	1557083.0	1.7976931348623157E308	0.0	10.197400ms	1050	10.197400ms	0.0	10.197400ms	1050	10.197400ms	0.0	0s	0	0s	0.0	367.6us	108	367.6us	1.6673756426251854E-5	367.6us	108	367.6us	1.6673756426251854E-5	
47	727	15	50896	1058	0	1553564.0	null	null	null	null	0	1553564.0	0	1553564.0	1.7976931348623157E308	0.0	14.716300ms	1050	14.716300ms	0.0	14.716300ms	1050	14.716300ms	0.0	0s	0	0s	0.0	63.3us	8	63.3us	2.824993914903734E-4	63.3us	8	63.3us	2.824993914903734E-4	
